0.,0.15707963267948966E1
0.001,0.15627726393038377E1
0.002,0.15561352424574860E1
0.003,0.15500210869455559E1
0.004,0.15442467198835864E1
0.005,0.15387250120964802E1
0.006,0.15334046446675613E1
0.007,0.15282517070245504E1
0.008,0.15232420969271775E1
0.009000000000000001,0.15183577926303736E1
0.01,0.15135848052401721E1
0.011,0.15089119590851838E1
0.012,0.15043301194674739E1
0.013000000000000001,0.14998316796727999E1
0.014,0.14954102067668228E1
0.015,0.14910601891047541E1
0.016,0.14867768514643972E1
0.017,0.14825560165702657E1
0.018000000000000002,0.14783939993079445E1
0.019,0.14742875245149945E1
0.02,0.14702336621239825E1
0.021,0.14662297753070617E1
0.022,0.14622734785184490E1
0.023,0.14583626031799870E1
0.024,0.14544951693447045E1
0.025,0.14506693620905309E1
0.026000000000000002,0.14468835116964464E1
0.027,0.14431360768724829E1
0.028,0.14394256304771918E1
0.029,0.14357508472777667E1
0.03,0.14321104934001815E1
0.031,0.14285034171873355E1
0.032,0.14249285412378515E1
0.033,0.14213848554408551E1
0.034,0.14178714108556827E1
0.035,0.14143873143121470E1
0.036000000000000004,0.14109317236283360E1
0.037,0.14075038433601051E1
0.038,0.14041029210103593E1
0.039,0.14007282436375802E1
0.04,0.13973791348123792E1
0.041,0.13940549518785458E1
0.042,0.13907550834814332E1
0.043000000000000003,0.13874789473318383E1
0.044,0.13842259881779772E1
0.045,0.13809956759618969E1
0.046,0.13777875041398202E1
0.047,0.13746009881485964E1
0.048,0.13714356640027075E1
0.049,0.13682910870082252E1
0.05,0.13651668305817797E1
0.051000000000000004,0.13620624851640346E1
0.052000000000000005,0.13589776572184004E1
0.053,0.13559119683067861E1
0.054,0.13528650542351206E1
0.055,0.13498365642621798E1
0.056,0.13468261603659644E1
0.057,0.13438335165624862E1
0.058,0.13408583182723674E1
0.059000000000000004,0.13379002617311269E1
0.06,0.13349590534394530E1
0.061,0.13320344096501272E1
0.062,0.13291260558885965E1
0.063,0.13262337265044780E1
0.064,0.13233571642515421E1
0.065,0.13204961198939472E1
0.066,0.13176503518367082E1
0.067,0.13148196257785604E1
0.068,0.13120037143855492E1
0.069,0.13092023969838204E1
0.07,0.13064154592702191E1
0.07100000000000001,0.13036426930394262E1
0.07200000000000001,0.13008838959264672E1
0.073,0.12981388711635246E1
0.074,0.12954074273500765E1
0.075,0.12926893782354579E1
0.076,0.12899845425130194E1
0.077,0.12872927436251173E1
0.078,0.12846138095782350E1
0.079,0.12819475727675824E1
0.08,0.12792938698105772E1
0.081,0.12766525413886501E1
0.082,0.12740234320968613E1
0.083,0.12714063903008521E1
0.084,0.12688012680006889E1
0.085,0.12662079207011901E1
0.08600000000000001,0.12636262072883544E1
0.08700000000000001,0.12610559899115351E1
0.088,0.12584971338710311E1
0.089,0.12559495075107861E1
0.09,0.12534129821159097E1
0.091,0.12508874318147517E1
0.092,0.12483727334852803E1
0.093,0.12458687666655291E1
0.094,0.12433754134678960E1
0.095,0.12408925584970870E1
0.096,0.12384200887715146E1
0.097,0.12359578936479704E1
0.098,0.12335058647494028E1
0.099,0.12310638958956418E1
0.1,0.12286318830369222E1
0.101,0.12262097241900646E1
0.10200000000000001,0.12237973193771834E1
0.10300000000000001,0.12213945705667973E1
0.10400000000000001,0.12190013816172264E1
0.105,0.12166176582221652E1
0.106,0.12142433078583283E1
0.107,0.12118782397350709E1
0.108,0.12095223647458926E1
0.109,0.12071755954217355E1
0.11,0.12048378458859965E1
0.111,0.12025090318111739E1
0.112,0.12001890703770765E1
0.113,0.11978778802305241E1
0.114,0.11955753814464735E1
0.115,0.11932814954905089E1
0.116,0.11909961451826355E1
0.117,0.11887192546623212E1
0.11800000000000001,0.11864507493547331E1
0.11900000000000001,0.11841905559381177E1
0.12,0.11819386023122770E1
0.121,0.11796948175680949E1
0.122,0.11774591319580709E1
0.123,0.11752314768678182E1
0.124,0.11730117847884897E1
0.125,0.11707999892900915E1
0.126,0.11685960249956511E1
0.127,0.11663998275562042E1
0.128,0.11642113336265695E1
0.129,0.11620304808418799E1
0.13,0.11598572077948405E1
0.131,0.11576914540136869E1
0.132,0.11555331599408148E1
0.133,0.11533822669120580E1
0.134,0.11512387171365883E1
0.135,0.11491024536774155E1
0.136,0.11469734204324642E1
0.137,0.11448515621162077E1
0.138,0.11427368242418370E1
0.139,0.11406291531039461E1
0.14,0.11385284957617162E1
0.14100000000000001,0.11364348000225787E1
0.14200000000000002,0.11343480144263423E1
0.14300000000000002,0.11322680882297663E1
0.14400000000000002,0.11301949713915655E1
0.145,0.11281286145578309E1
0.146,0.11260689690478522E1
0.147,0.11240159868403291E1
0.148,0.11219696205599566E1
0.149,0.11199298234643729E1
0.15,0.11178965494314579E1
0.151,0.11158697529469690E1
0.152,0.11138493890925050E1
0.153,0.11118354135337864E1
0.154,0.11098277825092414E1
0.155,0.11078264528188880E1
0.156,0.11058313818135037E1
0.157,0.11038425273840713E1
0.158,0.11018598479514945E1
0.159,0.10998833024565725E1
0.16,0.10979128503502279E1
0.161,0.10959484515839772E1
0.162,0.10939900666006386E1
0.163,0.10920376563252695E1
0.164,0.10900911821563246E1
0.165,0.10881506059570312E1
0.166,0.10862158900469720E1
0.167,0.10842869971938712E1
0.168,0.10823638906055767E1
0.169,0.10804465339222338E1
0.17,0.10785348912086424E1
0.171,0.10766289269467957E1
0.17200000000000001,0.10747286060285916E1
0.17300000000000001,0.10728338937487142E1
0.17400000000000002,0.10709447557976798E1
0.17500000000000002,0.10690611582550421E1
0.176,0.10671830675827528E1
0.177,0.10653104506186726E1
0.178,0.10634432745702293E1
0.179,0.10615815070082174E1
0.18,0.10597251158607369E1
0.181,0.10578740694072658E1
0.182,0.10560283362728640E1
0.183,0.10541878854225042E1
0.184,0.10523526861555267E1
0.185,0.10505227081002141E1
0.186,0.10486979212084838E1
0.187,0.10468782957506942E1
0.188,0.10450638023105613E1
0.189,0.10432544117801846E1
0.19,0.10414500953551764E1
0.191,0.10396508245298952E1
0.192,0.10378565710927773E1
0.193,0.10360673071217668E1
0.194,0.10342830049798388E1
0.195,0.10325036373106164E1
0.196,0.10307291770340757E1
0.197,0.10289595973423398E1
0.198,0.10271948716955571E1
0.199,0.10254349738178630E1
0.2,0.10236798776934233E1
0.201,0.10219295575625552E1
0.202,0.10201839879179266E1
0.203,0.10184431435008302E1
0.20400000000000001,0.10167069992975306E1
0.20500000000000002,0.10149755305356829E1
0.20600000000000002,0.10132487126808217E1
0.20700000000000002,0.10115265214329174E1
0.20800000000000002,0.10098089327229992E1
0.209,0.10080959227098432E1
0.21,0.10063874677767231E1
0.211,0.10046835445282236E1
0.212,0.10029841297871131E1
0.213,0.10012892005912762E1
0.214,0.99959873419070286E0
0.215,0.99791270804453453E0
0.216,0.99623109981816448E0
0.217,0.99455388738039211E0
0.218,0.99288104880062940E0
0.219,0.99121256234615868E0
0.22,0.98954840647944023E0
0.221,0.98788855985546884E0
0.222,0.98623300131917806E0
0.223,0.98458170990289116E0
0.224,0.98293466482381767E0
0.225,0.98129184548159457E0
0.226,0.97965323145587110E0
0.227,0.97801880250393618E0
0.228,0.97638853855838755E0
0.229,0.97476241972484181E0
0.23,0.97314042627968422E0
0.231,0.97152253866785766E0
0.232,0.96990873750068971E0
0.233,0.96829900355375718E0
0.234,0.96669331776478719E0
0.23500000000000001,0.96509166123159399E0
0.23600000000000002,0.96349401521005090E0
0.23700000000000002,0.96190036111209647E0
0.23800000000000002,0.96031068050377429E0
0.23900000000000002,0.95872495510330555E0
0.24,0.95714316677919398E0
0.241,0.95556529754836188E0
0.242,0.95399132957431765E0
0.243,0.95242124516535295E0
0.244,0.95085502677276974E0
0.245,0.94929265698913625E0
0.246,0.94773411854657139E0
0.247,0.94617939431505690E0
0.248,0.94462846730077686E0
0.249,0.94308132064448383E0
0.25,0.94153793761989122E0
0.251,0.93999830163209127E0
0.252,0.93846239621599823E0
0.253,0.93693020503481612E0
0.254,0.93540171187853070E0
0.255,0.93387690066242507E0
0.256,0.93235575542561856E0
0.257,0.93083826032962831E0
0.258,0.92932439965695324E0
0.259,0.92781415780967983E0
0.26,0.92630751930810950E0
0.261,0.92480446878940687E0
0.262,0.92330499100626884E0
0.263,0.92180907082561386E0
0.264,0.92031669322729100E0
0.265,0.91882784330280870E0
0.266,0.91734250625408246E0
0.267,0.91586066739220143E0
0.268,0.91438231213621340E0
0.269,0.91290742601192778E0
0.27,0.91143599465073646E0
0.271,0.90996800378845199E0
0.272,0.90850343926416288E0
0.273,0.90704228701910569E0
0.274,0.90558453309555354E0
0.275,0.90413016363572091E0
0.276,0.90267916488068418E0
0.277,0.90123152316931785E0
0.278,0.89978722493724604E0
0.279,0.89834625671580905E0
0.28,0.89690860513104465E0
0.281,0.89547425690268389E0
0.28200000000000003,0.89404319884316117E0
0.28300000000000003,0.89261541785663827E0
0.28400000000000003,0.89119090093804218E0
0.28500000000000003,0.88976963517211636E0
0.28600000000000003,0.88835160773248534E0
0.28700000000000003,0.88693680588073231E0
0.28800000000000003,0.88552521696548954E0
0.289,0.88411682842154146E0
0.29,0.88271162776893972E0
0.291,0.88130960261213116E0
0.292,0.87991074063909705E0
0.293,0.87851502962050429E0
0.294,0.87712245740886827E0
0.295,0.87573301193772691E0
0.296,0.87434668122082598E0
0.297,0.87296345335131530E0
0.298,0.87158331650095579E0
0.299,0.87020625891933707E0
0.3,0.86883226893310554E0
0.301,0.86746133494520264E0
0.302,0.86609344543411327E0
0.303,0.86472858895312407E0
0.304,0.86336675412959148E0
0.305,0.86200792966421936E0
0.306,0.86065210433034612E0
0.307,0.85929926697324102E0
0.308,0.85794940650940968E0
0.309,0.85660251192590859E0
0.31,0.85525857227966835E0
0.311,0.85391757669682572E0
0.312,0.85257951437206418E0
0.313,0.85124437456796288E0
0.314,0.84991214661435392E0
0.315,0.84858281990768775E0
0.316,0.84725638391040662E0
0.317,0.84593282815032592E0
0.318,0.84461214222002325E0
0.319,0.84329431577623520E0
0.32,0.84197933853926167E0
0.321,0.84066720029237747E0
0.322,0.83935789088125144E0
0.323,0.83805140021337253E0
0.324,0.83674771825748311E0
0.325,0.83544683504301916E0
0.326,0.83414874065955739E0
0.327,0.83285342525626900E0
0.328,0.83156087904138022E0
0.329,0.83027109228163932E0
0.33,0.82898405530179008E0
0.331,0.82769975848405162E0
0.332,0.82641819226760448E0
0.333,0.82513934714808288E0
0.334,0.82386321367707302E0
0.335,0.82258978246161738E0
0.336,0.82131904416372492E0
0.337,0.82005098949988704E0
0.338,0.81878560924059927E0
0.339,0.81752289420988867E0
0.34,0.81626283528484664E0
0.341,0.81500542339516732E0
0.342,0.81375064952269127E0
0.343,0.81249850470095461E0
0.34400000000000003,0.81124898001474321E0
0.34500000000000003,0.81000206659965216E0
0.34600000000000003,0.80875775564165030E0
0.34700000000000003,0.80751603837664971E0
0.34800000000000003,0.80627690609008022E0
0.34900000000000003,0.80504035011646867E0
0.35000000000000003,0.80380636183902309E0
0.35100000000000003,0.80257493268922151E0
0.352,0.80134605414640554E0
0.353,0.80011971773737823E0
0.354,0.79889591503600708E0
0.355,0.79767463766283087E0
0.356,0.79645587728467123E0
0.357,0.79523962561424847E0
0.358,0.79402587440980173E0
0.359,0.79281461547471328E0
0.36,0.79160584065713706E0
0.361,0.79039954184963125E0
0.362,0.78919571098879495E0
0.363,0.78799434005490882E0
0.364,0.78679542107157966E0
0.365,0.78559894610538887E0
0.366,0.78440490726554476E0
0.367,0.78321329670353860E0
0.368,0.78202410661280444E0
0.369,0.78083732922838259E0
0.37,0.77965295682658668E0
0.371,0.77847098172467439E0
0.372,0.77729139628052162E0
0.373,0.77611419289230021E0
0.374,0.77493936399815902E0
0.375,0.77376690207590849E0
0.376,0.77259679964270847E0
0.377,0.77142904925475939E0
0.378,0.77026364350699666E0
0.379,0.76910057503278832E0
0.38,0.76793983650363582E0
0.381,0.76678142062887795E0
0.382,0.76562532015539787E0
0.383,0.76447152786733316E0
0.384,0.76332003658578889E0
0.385,0.76217083916855367E0
0.386,0.76102392850981864E0
0.387,0.75987929753989932E0
0.388,0.75873693922496030E0
0.389,0.75759684656674285E0
0.39,0.75645901260229519E0
0.391,0.75532343040370557E0
0.392,0.75419009307783810E0
0.393,0.75305899376607112E0
0.394,0.75193012564403841E0
0.395,0.75080348192137283E0
0.396,0.74967905584145264E0
0.397,0.74855684068115034E0
0.398,0.74743682975058403E0
0.399,0.74631901639287120E0
0.4,0.74520339398388509E0
0.401,0.74408995593201331E0
0.402,0.74297869567791898E0
0.403,0.74186960669430418E0
0.404,0.74076268248567574E0
0.405,0.73965791658811329E0
0.406,0.73855530256903967E0
0.40700000000000003,0.73745483402699348E0
0.40800000000000003,0.73635650459140398E0
0.40900000000000003,0.73526030792236804E0
0.41000000000000003,0.73416623771042934E0
0.41100000000000003,0.73307428767635970E0
0.41200000000000003,0.73198445157094252E0
0.41300000000000003,0.73089672317475828E0
0.41400000000000003,0.72981109629797211E0
0.41500000000000004,0.72872756478012345E0
0.41600000000000004,0.72764612248991762E0
0.417,0.72656676332501957E0
0.418,0.72548948121184916E0
0.419,0.72441427010537906E0
0.42,0.72334112398893399E0
0.421,0.72227003687399206E0
0.422,0.72120100279998801E0
0.423,0.72013401583411828E0
0.424,0.71906907007114786E0
0.425,0.71800615963321904E0
0.426,0.71694527866966184E0
0.427,0.71588642135680630E0
0.428,0.71482958189779644E0
0.429,0.71377475452240601E0
0.43,0.71272193348685588E0
0.431,0.71167111307363317E0
0.432,0.71062228759131198E0
0.433,0.70957545137437588E0
0.434,0.70853059878304189E0
0.435,0.70748772420308615E0
0.436,0.70644682204567116E0
0.437,0.70540788674717463E0
0.438,0.70437091276901977E0
0.439,0.70333589459750728E0
0.44,0.70230282674364870E0
0.441,0.70127170374300139E0
0.442,0.70024252015550491E0
0.443,0.69921527056531887E0
0.444,0.69818994958066232E0
0.445,0.69716655183365446E0
0.446,0.69614507198015685E0
0.447,0.69512550469961697E0
0.448,0.69410784469491321E0
0.449,0.69309208669220120E0
0.45,0.69207822544076152E0
0.451,0.69106625571284875E0
0.452,0.69005617230354181E0
0.453,0.68904797003059567E0
0.454,0.68804164373429430E0
0.455,0.68703718827730496E0
0.456,0.68603459854453373E0
0.457,0.68503386944298227E0
0.458,0.68403499590160588E0
0.459,0.68303797287117273E0
0.46,0.68204279532412437E0
0.461,0.68104945825443737E0
0.462,0.68005795667748620E0
0.463,0.67906828562990727E0
0.464,0.67808044016946414E0
0.465,0.67709441537491384E0
0.466,0.67611020634587443E0
0.467,0.67512780820269356E0
0.468,0.67414721608631823E0
0.46900000000000003,0.67316842515816561E0
0.47000000000000003,0.67219143059999500E0
0.47100000000000003,0.67121622761378082E0
0.47200000000000003,0.67024281142158669E0
0.47300000000000003,0.66927117726544053E0
0.47400000000000003,0.66830132040721079E0
0.47500000000000003,0.66733323612848365E0
0.47600000000000003,0.66636691973044121E0
0.47700000000000004,0.66540236653374082E0
0.47800000000000004,0.66443957187839526E0
0.47900000000000004,0.66347853112365401E0
0.48,0.66251923964788555E0
0.481,0.66156169284846030E0
0.482,0.66060588614163516E0
0.483,0.65965181496243833E0
0.484,0.65869947476455550E0
0.485,0.65774886102021676E0
0.486,0.65679996922008455E0
0.487,0.65585279487314246E0
0.488,0.65490733350658499E0
0.489,0.65396358066570810E0
0.49,0.65302153191380078E0
0.491,0.65208118283203740E0
0.492,0.65114252901937095E0
0.493,0.65020556609242717E0
0.494,0.64927028968539948E0
0.495,0.64833669544994481E0
0.496,0.64740477905508019E0
0.497,0.64647453618708024E0
0.498,0.64554596254937542E0
0.499,0.64461905386245112E0
0.5,0.64369380586374755E0
0.501,0.64277021430756038E0
0.502,0.64184827496494224E0
0.503,0.64092798362360491E0
0.504,0.64000933608782237E0
0.505,0.63909232817833450E0
0.506,0.63817695573225167E0
0.507,0.63726321460295994E0
0.508,0.63635110066002711E0
0.509,0.63544060978910942E0
0.51,0.63453173789185904E0
0.511,0.63362448088583222E0
0.512,0.63271883470439820E0
0.513,0.63181479529664876E0
0.514,0.63091235862730857E0
0.515,0.63001152067664613E0
0.516,0.62911227744038542E0
0.517,0.62821462492961828E0
0.518,0.62731855917071737E0
0.519,0.62642407620524988E0
0.52,0.62553117208989185E0
0.521,0.62463984289634314E0
0.522,0.62375008471124308E0
0.523,0.62286189363608670E0
0.524,0.62197526578714167E0
0.525,0.62109019729536580E0
0.526,0.62020668430632516E0
0.527,0.61932472298011293E0
0.528,0.61844430949126865E0
0.529,0.61756544002869829E0
0.53,0.61668811079559478E0
0.531,0.61581231800935918E0
0.532,0.61493805790152242E0
0.533,0.61406532671766765E0
0.534,0.61319412071735315E0
0.535,0.61232443617403576E0
0.536,0.61145626937499498E0
0.537,0.61058961662125756E0
0.538,0.60972447422752263E0
0.539,0.60886083852208742E0
0.54,0.60799870584677353E0
0.541,0.60713807255685368E0
0.542,0.60627893502097909E0
0.543,0.60542128962110727E0
0.544,0.60456513275243044E0
0.545,0.60371046082330444E0
0.546,0.60285727025517809E0
0.547,0.60200555748252317E0
0.548,0.60115531895276482E0
0.549,0.60030655112621248E0
0.55,0.59945925047599133E0
0.551,0.59861341348797417E0
0.552,0.59776903666071387E0
0.553,0.59692611650537625E0
0.554,0.59608464954567344E0
0.555,0.59524463231779775E0
0.556,0.59440606137035593E0
0.557,0.59356893326430403E0
0.558,0.59273324457288258E0
0.559,0.59189899188155232E0
0.56,0.59106617178793035E0
0.561,0.59023478090172674E0
0.562,0.58940481584468158E0
0.5630000000000001,0.58857627325050247E0
0.5640000000000001,0.58774914976480245E0
0.5650000000000001,0.58692344204503838E0
0.5660000000000001,0.58609914676044972E0
0.5670000000000001,0.58527626059199775E0
0.5680000000000001,0.58445478023230523E0
0.5690000000000001,0.58363470238559647E0
0.5700000000000001,0.58281602376763779E0
0.5710000000000001,0.58199874110567842E0
0.5720000000000001,0.58118285113839179E0
0.5730000000000001,0.58036835061581728E0
0.5740000000000001,0.57955523629930227E0
0.5750000000000001,0.57874350496144467E0
0.5760000000000001,0.57793315338603582E0
0.577,0.57712417836800385E0
0.578,0.57631657671335705E0
0.579,0.57551034523912839E0
0.58,0.57470548077331968E0
0.581,0.57390198015484642E0
0.582,0.57309984023348304E0
0.583,0.57229905786980843E0
0.584,0.57149962993515190E0
0.585,0.57070155331153945E0
0.586,0.56990482489164046E0
0.587,0.56910944157871471E0
0.588,0.56831540028655970E0
0.589,0.56752269793945847E0
0.59,0.56673133147212757E0
0.591,0.56594129782966558E0
0.592,0.56515259396750183E0
0.593,0.56436521685134550E0
0.594,0.56357916345713510E0
0.595,0.56279443077098823E0
0.596,0.56201101578915170E0
0.597,0.56122891551795196E0
0.598,0.56044812697374592E0
0.599,0.55966864718287198E0
0.6,0.55889047318160150E0
0.601,0.55811360201609050E0
0.602,0.55733803074233176E0
0.603,0.55656375642610711E0
0.604,0.55579077614294019E0
0.605,0.55501908697804939E0
0.606,0.55424868602630115E0
0.607,0.55347957039216354E0
0.608,0.55271173718966021E0
0.609,0.55194518354232453E0
0.61,0.55117990658315408E0
0.611,0.55041590345456549E0
0.612,0.54965317130834947E0
0.613,0.54889170730562618E0
0.614,0.54813150861680090E0
0.615,0.54737257242151995E0
0.616,0.54661489590862691E0
0.617,0.54585847627611915E0
0.618,0.54510331073110453E0
0.619,0.54434939648975855E0
0.62,0.54359673077728159E0
0.621,0.54284531082785654E0
0.622,0.54209513388460670E0
0.623,0.54134619719955382E0
0.624,0.54059849803357657E0
0.625,0.53985203365636918E0
0.626,0.53910680134640035E0
0.627,0.53836279839087242E0
0.628,0.53762002208568080E0
0.629,0.53687846973537368E0
0.63,0.53613813865311194E0
0.631,0.53539902616062936E0
0.632,0.53466112958819303E0
0.633,0.53392444627456406E0
0.634,0.53318897356695850E0
0.635,0.53245470882100848E0
0.636,0.53172164940072367E0
0.637,0.53098979267845287E0
0.638,0.53025913603484597E0
0.639,0.52952967685881598E0
0.64,0.52880141254750146E0
0.641,0.52807434050622904E0
0.642,0.52734845814847631E0
0.643,0.52662376289583478E0
0.644,0.52590025217797320E0
0.645,0.52517792343260103E0
0.646,0.52445677410543217E0
0.647,0.52373680165014888E0
0.648,0.52301800352836592E0
0.649,0.52230037720959497E0
0.65,0.52158392017120917E0
0.651,0.52086862989840794E0
0.652,0.52015450388418198E0
0.653,0.51944153962927853E0
0.654,0.51872973464216676E0
0.655,0.51801908643900344E0
0.656,0.51730959254359877E0
0.657,0.51660125048738245E0
0.658,0.51589405780936991E0
0.659,0.51518801205612879E0
0.66,0.51448311078174560E0
0.661,0.51377935154779253E0
0.662,0.51307673192329457E0
0.663,0.51237524948469671E0
0.664,0.51167490181583137E0
0.665,0.51097568650788608E0
0.666,0.51027760115937129E0
0.667,0.50958064337608834E0
0.668,0.50888481077109774E0
0.669,0.50819010096468749E0
0.67,0.50749651158434169E0
0.671,0.50680404026470931E0
0.672,0.50611268464757309E0
0.673,0.50542244238181872E0
0.674,0.50473331112340408E0
0.675,0.50404528853532879E0
0.676,0.50335837228760381E0
0.677,0.50267256005722131E0
0.678,0.50198784952812468E0
0.679,0.50130423839117872E0
0.68,0.50062172434413994E0
0.681,0.49994030509162720E0
0.682,0.49925997834509228E0
0.683,0.49858074182279084E0
0.684,0.49790259324975342E0
0.685,0.49722553035775663E0
0.686,0.49654955088529455E0
0.687,0.49587465257755021E0
0.6880000000000001,0.49520083318636733E0
0.6890000000000001,0.49452809047022212E0
0.6900000000000001,0.49385642219419535E0
0.6910000000000001,0.49318582612994449E0
0.6920000000000001,0.49251630005567604E0
0.6930000000000001,0.49184784175611802E0
0.6940000000000001,0.49118044902249262E0
0.6950000000000001,0.49051411965248899E0
0.6960000000000001,0.48984885145023619E0
0.6970000000000001,0.48918464222627630E0
0.6980000000000001,0.48852148979753766E0
0.6990000000000001,0.48785939198730831E0
0.7000000000000001,0.48719834662520948E0
0.7010000000000001,0.48653835154716937E0
0.7020000000000001,0.48587940459539692E0
0.7030000000000001,0.48522150361835588E0
0.704,0.48456464647073896E0
0.705,0.48390883101344187E0
0.706,0.48325405511353814E0
0.707,0.48260031664425346E0
0.708,0.48194761348494038E0
0.709,0.48129594352105324E0
0.71,0.48064530464412310E0
0.711,0.47999569475173290E0
0.712,0.47934711174749271E0
0.713,0.47869955354101515E0
0.714,0.47805301804789088E0
0.715,0.47740750318966433E0
0.716,0.47676300689380946E0
0.717,0.47611952709370569E0
0.718,0.47547706172861403E0
0.719,0.47483560874365319E0
0.72,0.47419516608977596E0
0.721,0.47355573172374567E0
0.722,0.47291730360811274E0
0.723,0.47227987971119143E0
0.724,0.47164345800703664E0
0.725,0.47100803647542089E0
0.726,0.47037361310181142E0
0.727,0.46974018587734737E0
0.728,0.46910775279881714E0
0.729,0.46847631186863582E0
0.73,0.46784586109482280E0
0.731,0.46721639849097944E0
0.732,0.46658792207626688E0
0.733,0.46596042987538400E0
0.734,0.46533391991854545E0
0.735,0.46470839024145984E0
0.736,0.46408383888530799E0
0.737,0.46346026389672138E0
0.738,0.46283766332776064E0
0.739,0.46221603523589415E0
0.74,0.46159537768397684E0
0.741,0.46097568874022901E0
0.742,0.46035696647821531E0
0.743,0.45973920897682380E0
0.744,0.45912241432024516E0
0.745,0.45850658059795198E0
0.746,0.45789170590467815E0
0.747,0.45727778834039840E0
0.748,0.45666482601030792E0
0.749,0.45605281702480204E0
0.75,0.45544175949945615E0
0.751,0.45483165155500555E0
0.752,0.45422249131732555E0
0.753,0.45361427691741160E0
0.754,0.45300700649135955E0
0.755,0.45240067818034598E0
0.756,0.45179529013060868E0
0.757,0.45119084049342719E0
0.758,0.45058732742510345E0
0.759,0.44998474908694258E0
0.76,0.44938310364523373E0
0.761,0.44878238927123100E0
0.762,0.44818260414113454E0
0.763,0.44758374643607165E0
0.764,0.44698581434207809E0
0.765,0.44638880605007933E0
0.766,0.44579271975587209E0
0.767,0.44519755366010578E0
0.768,0.44460330596826417E0
0.769,0.44400997489064713E0
0.77,0.44341755864235238E0
0.771,0.44282605544325745E0
0.772,0.44223546351800165E0
0.773,0.44164578109596816E0
0.774,0.44105700641126621E0
0.775,0.44046913770271335E0
0.776,0.43988217321381778E0
0.777,0.43929611119276085E0
0.778,0.43871094989237955E0
0.779,0.43812668757014914E0
0.78,0.43754332248816585E0
0.781,0.43696085291312972E0
0.782,0.43637927711632743E0
0.783,0.43579859337361528E0
0.784,0.43521879996540225E0
0.785,0.43463989517663314E0
0.786,0.43406187729677179E0
0.787,0.43348474461978436E0
0.788,0.43290849544412274E0
0.789,0.43233312807270803E0
0.79,0.43175864081291404E0
0.791,0.43118503197655097E0
0.792,0.43061229987984912E0
0.793,0.43004044284344264E0
0.794,0.42946945919235347E0
0.795,0.42889934725597521E0
0.796,0.42833010536805722E0
0.797,0.42776173186668872E0
0.798,0.42719422509428292E0
0.799,0.42662758339756134E0
0.8,0.42606180512753816E0
0.801,0.42549688863950458E0
0.802,0.42493283229301335E0
0.803,0.42436963445186336E0
0.804,0.42380729348408422E0
0.805,0.42324580776192105E0
0.806,0.42268517566181921E0
0.807,0.42212539556440923E0
0.808,0.42156646585449167E0
0.809,0.42100838492102222E0
0.81,0.42045115115709670E0
0.811,0.41989476295993628E0
0.812,0.41933921873087267E0
0.8130000000000001,0.41878451687533343E0
0.8140000000000001,0.41823065580282736E0
0.8150000000000001,0.41767763392692990E0
0.8160000000000001,0.41712544966526864E0
0.8170000000000001,0.41657410143950896E0
0.8180000000000001,0.41602358767533959E0
0.8190000000000001,0.41547390680245837E0
0.8200000000000001,0.41492505725455807E0
0.8210000000000001,0.41437703746931214E0
0.8220000000000001,0.41382984588836073E0
0.8230000000000001,0.41328348095729662E0
0.8240000000000001,0.41273794112565129E0
0.8250000000000001,0.41219322484688100E0
0.8260000000000001,0.41164933057835305E0
0.8270000000000001,0.41110625678133193E0
0.8280000000000001,0.41056400192096574E0
0.8290000000000001,0.41002256446627245E0
0.8300000000000001,0.40948194289012645E0
0.8310000000000001,0.40894213566924498E0
0.8320000000000001,0.40840314128417472E0
0.833,0.40786495821927852E0
0.834,0.40732758496272177E0
0.835,0.40679102000645959E0
0.836,0.40625526184622339E0
0.837,0.40572030898150779E0
0.838,0.40518615991555756E0
0.839,0.40465281315535465E0
0.84,0.40412026721160522E0
0.841,0.40358852059872677E0
0.842,0.40305757183483534E0
0.843,0.40252741944173273E0
0.844,0.40199806194489377E0
0.845,0.40146949787345377E0
0.846,0.40094172576019582E0
0.847,0.40041474414153835E0
0.848,0.39988855155752262E0
0.849,0.39936314655180033E0
0.85,0.39883852767162126E0
0.851,0.39831469346782094E0
0.852,0.39779164249480846E0
0.853,0.39726937331055425E0
0.854,0.39674788447657797E0
0.855,0.39622717455793642E0
0.856,0.39570724212321152E0
0.857,0.39518808574449836E0
0.858,0.39466970399739326E0
0.859,0.39415209546098197E0
0.86,0.39363525871782780E0
0.861,0.39311919235395991E0
0.862,0.39260389495886160E0
0.863,0.39208936512545868E0
0.864,0.39157560145010786E0
0.865,0.39106260253258522E0
0.866,0.39055036697607473E0
0.867,0.39003889338715680E0
0.868,0.38952818037579691E0
0.869,0.38901822655533427E0
0.87,0.38850903054247054E0
0.871,0.38800059095725859E0
0.872,0.38749290642309132E0
0.873,0.38698597556669056E0
0.874,0.38647979701809592E0
0.875,0.38597436941065383E0
0.876,0.38546969138100651E0
0.877,0.38496576156908105E0
0.878,0.38446257861807852E0
0.879,0.38396014117446314E0
0.88,0.38345844788795148E0
0.881,0.38295749741150173E0
0.882,0.38245728840130297E0
0.883,0.38195781951676456E0
0.884,0.38145908942050554E0
0.885,0.38096109677834405E0
0.886,0.38046384025928682E0
0.887,0.37996731853551874E0
0.888,0.37947153028239241E0
0.889,0.37897647417841779E0
0.89,0.37848214890525187E0
0.891,0.37798855314768839E0
0.892,0.37749568559364758E0
0.893,0.37700354493416603E0
0.894,0.37651212986338646E0
0.895,0.37602143907854771E0
0.896,0.37553147127997459E0
0.897,0.37504222517106794E0
0.898,0.37455369945829461E0
0.899,0.37406589285117756E0
0.9,0.37357880406228597E0
0.901,0.37309243180722536E0
0.902,0.37260677480462785E0
0.903,0.37212183177614237E0
0.904,0.37163760144642493E0
0.905,0.37115408254312898E0
0.906,0.37067127379689576E0
0.907,0.37018917394134469E0
0.908,0.36970778171306385E0
0.909,0.36922709585160045E0
0.91,0.36874711509945138E0
0.911,0.36826783820205377E0
0.912,0.36778926390777559E0
0.913,0.36731139096790631E0
0.914,0.36683421813664763E0
0.915,0.36635774417110413E0
0.916,0.36588196783127411E0
0.917,0.36540688788004038E0
0.918,0.36493250308316110E0
0.919,0.36445881220926065E0
0.92,0.36398581402982061E0
0.921,0.36351350731917067E0
0.922,0.36304189085447966E0
0.923,0.36257096341574657E0
0.924,0.36210072378579165E0
0.925,0.36163117075024751E0
0.926,0.36116230309755029E0
0.927,0.36069411961893082E0
0.928,0.36022661910840587E0
0.929,0.35975980036276939E0
0.93,0.35929366218158385E0
0.931,0.35882820336717154E0
0.932,0.35836342272460594E0
0.933,0.35789931906170315E0
0.934,0.35743589118901333E0
0.935,0.35697313791981217E0
0.936,0.35651105807009239E0
0.937,0.35604965045855533E0
0.9380000000000001,0.35558891390660250E0
0.9390000000000001,0.35512884723832721E0
0.9400000000000001,0.35466944928050622E0
0.9410000000000001,0.35421071886259144E0
0.9420000000000001,0.35375265481670166E0
0.9430000000000001,0.35329525597761426E0
0.9440000000000001,0.35283852118275706E0
0.9450000000000001,0.35238244927220011E0
0.9460000000000001,0.35192703908864754E0
0.9470000000000001,0.35147228947742950E0
0.9480000000000001,0.35101819928649402E0
0.9490000000000001,0.35056476736639902E0
0.9500000000000001,0.35011199257030427E0
0.9510000000000001,0.34965987375396343E0
0.9520000000000001,0.34920840977571608E0
0.9530000000000001,0.34875759949647986E0
0.9540000000000001,0.34830744177974253E0
0.9550000000000001,0.34785793549155415E0
0.9560000000000001,0.34740907950051928E0
0.9570000000000001,0.34696087267778918E0
0.9580000000000001,0.34651331389705403E0
0.9590000000000001,0.34606640203453526E0
0.96,0.34562013596897788E0
0.961,0.34517451458164262E0
0.962,0.34472953675629863E0
0.963,0.34428520137921562E0
0.964,0.34384150733915643E0
0.965,0.34339845352736942E0
0.966,0.34295603883758100E0
0.967,0.34251426216598815E0
0.968,0.34207312241125095E0
0.969,0.34163261847448522E0
0.97,0.34119274925925506E0
0.971,0.34075351367156555E0
0.972,0.34031491061985540E0
0.973,0.33987693901498966E0
0.974,0.33943959777025242E0
0.975,0.33900288580133964E0
0.976,0.33856680202635184E0
0.977,0.33813134536578700E0
0.978,0.33769651474253338E0
0.979,0.33726230908186236E0
0.98,0.33682872731142140E0
0.981,0.33639576836122693E0
0.982,0.33596343116365731E0
0.983,0.33553171465344584E0
0.984,0.33510061776767374E0
0.985,0.33467013944576321E0
0.986,0.33424027862947053E0
0.987,0.33381103426287907E0
0.988,0.33338240529239250E0
0.989,0.33295439066672789E0
0.99,0.33252698933690891E0
0.991,0.33210020025625901E0
0.992,0.33167402238039468E0
0.993,0.33124845466721867E0
0.994,0.33082349607691331E0
0.995,0.33039914557193377E0
0.996,0.32997540211700146E0
0.997,0.32955226467909733E0
0.998,0.32912973222745529E0
0.999,0.32870780373355561E0
1.,0.32828647817111835E0
1.0010000000000001,0.32786575451609681E0
1.002,0.32744563174667121E0
1.0030000000000001,0.32702610884324169E0
1.004,0.32660718478842261E0
1.0050000000000001,0.32618885856703527E0
1.006,0.32577112916610234E0
1.0070000000000001,0.32535399557484066E0
1.008,0.32493745678465564E0
1.0090000000000001,0.32452151178913421E0
1.01,0.32410615958403917E0
1.0110000000000001,0.32369139916730227E0
1.012,0.32327722953901859E0
1.0130000000000001,0.32286364970143958E0
1.014,0.32245065865896763E0
1.0150000000000001,0.32203825541814908E0
1.016,0.32162643898766880E0
1.0170000000000001,0.32121520837834333E0
1.018,0.32080456260311547E0
1.0190000000000001,0.32039450067704745E0
1.02,0.31998502161731558E0
1.0210000000000001,0.31957612444320348E0
1.022,0.31916780817609675E0
1.0230000000000001,0.31876007183947629E0
1.024,0.31835291445891297E0
1.025,0.31794633506206106E0
1.026,0.31754033267865260E0
1.027,0.31713490634049168E0
1.028,0.31673005508144798E0
1.029,0.31632577793745157E0
1.03,0.31592207394648635E0
1.031,0.31551894214858498E0
1.032,0.31511638158582227E0
1.033,0.31471439130231021E0
1.034,0.31431297034419139E0
1.035,0.31391211775963405E0
1.036,0.31351183259882561E0
1.037,0.31311211391396770E0
1.038,0.31271296075926973E0
1.039,0.31231437219094399E0
1.04,0.31191634726719928E0
1.041,0.31151888504823601E0
1.042,0.31112198459623989E0
1.043,0.31072564497537707E0
1.044,0.31032986525178786E0
1.045,0.30993464449358194E0
1.046,0.30953998177083213E0
1.047,0.30914587615556957E0
1.048,0.30875232672177758E0
1.049,0.30835933254538690E0
1.05,0.30796689270426955E0
1.051,0.30757500627823415E0
1.052,0.30718367234901978E0
1.053,0.30679289000029133E0
1.054,0.30640265831763346E0
1.055,0.30601297638854597E0
1.056,0.30562384330243775E0
1.057,0.30523525815062222E0
1.058,0.30484722002631136E0
1.059,0.30445972802461111E0
1.06,0.30407278124251551E0
1.061,0.30368637877890210E0
1.062,0.30330051973452608E0
1.063,0.30291520321201580E0
1.064,0.30253042831586694E0
1.065,0.30214619415243801E0
1.066,0.30176249982994458E0
1.067,0.30137934445845484E0
1.068,0.30099672714988384E0
1.069,0.30061464701798911E0
1.07,0.30023310317836490E0
1.071,0.29985209474843789E0
1.072,0.29947162084746143E0
1.073,0.29909168059651126E0
1.074,0.29871227311847986E0
1.075,0.29833339753807215E0
1.076,0.29795505298179989E0
1.077,0.29757723857797742E0
1.078,0.29719995345671608E0
1.079,0.29682319674992001E0
1.08,0.29644696759128060E0
1.081,0.29607126511627228E0
1.082,0.29569608846214708E0
1.083,0.29532143676793040E0
1.084,0.29494730917441562E0
1.085,0.29457370482415991E0
1.086,0.29420062286147887E0
1.087,0.29382806243244237E0
1.088,0.29345602268486921E0
1.089,0.29308450276832304E0
1.09,0.29271350183410701E0
1.091,0.29234301903525975E0
1.092,0.29197305352655001E0
1.093,0.29160360446447272E0
1.094,0.29123467100724366E0
1.095,0.29086625231479553E0
1.096,0.29049834754877265E0
1.097,0.29013095587252709E0
1.098,0.28976407645111339E0
1.099,0.28939770845128469E0
1.1,0.28903185104148755E0
1.101,0.28866650339185805E0
1.102,0.28830166467421665E0
1.103,0.28793733406206438E0
1.104,0.28757351073057766E0
1.105,0.28721019385660453E0
1.106,0.28684738261865957E0
1.107,0.28648507619692007E0
1.108,0.28612327377322103E0
1.109,0.28576197453105138E0
1.11,0.28540117765554894E0
1.111,0.28504088233349674E0
1.112,0.28468108775331800E0
1.113,0.28432179310507243E0
1.114,0.28396299758045129E0
1.115,0.28360470037277372E0
1.116,0.28324690067698180E0
1.117,0.28288959768963692E0
1.118,0.28253279060891487E0
1.119,0.28217647863460227E0
1.12,0.28182066096809166E0
1.121,0.28146533681237792E0
1.122,0.28111050537205346E0
1.123,0.28075616585330467E0
1.124,0.28040231746390707E0
1.125,0.28004895941322183E0
1.1260000000000001,0.27969609091219095E0
1.127,0.27934371117333381E0
1.1280000000000001,0.27899181941074240E0
1.129,0.27864041484007781E0
1.1300000000000001,0.27828949667856558E0
1.131,0.27793906414499223E0
1.1320000000000001,0.27758911645970053E0
1.133,0.27723965284458614E0
1.1340000000000001,0.27689067252309291E0
1.135,0.27654217472020953E0
1.1360000000000001,0.27619415866246483E0
1.137,0.27584662357792448E0
1.1380000000000001,0.27549956869618637E0
1.139,0.27515299324837724E0
1.1400000000000001,0.27480689646714814E0
1.141,0.27446127758667108E0
1.1420000000000001,0.27411613584263454E0
1.143,0.27377147047224010E0
1.1440000000000001,0.27342728071419801E0
1.145,0.27308356580872384E0
1.1460000000000001,0.27274032499753406E0
1.147,0.27239755752384275E0
1.1480000000000001,0.27205526263235716E0
1.149,0.27171343956927447E0
1.1500000000000001,0.27137208758227741E0
1.151,0.27103120592053099E0
1.1520000000000001,0.27069079383467816E0
1.153,0.27035085057683659E0
1.154,0.27001137540059439E0
1.155,0.26967236756100660E0
1.156,0.26933382631459163E0
1.157,0.26899575091932703E0
1.158,0.26865814063464635E0
1.159,0.26832099472143487E0
1.16,0.26798431244202647E0
1.161,0.26764809306019936E0
1.162,0.26731233584117300E0
1.163,0.26697704005160388E0
1.164,0.26664220495958242E0
1.165,0.26630782983462876E0
1.166,0.26597391394768977E0
1.167,0.26564045657113477E0
1.168,0.26530745697875261E0
1.169,0.26497491444574742E0
1.17,0.26464282824873567E0
1.171,0.26431119766574202E0
1.172,0.26398002197619632E0
1.173,0.26364930046092952E0
1.174,0.26331903240217072E0
1.175,0.26298921708354304E0
1.176,0.26265985379006076E0
1.177,0.26233094180812519E0
1.178,0.26200248042552179E0
1.179,0.26167446893141612E0
1.18,0.26134690661635097E0
1.181,0.26101979277224231E0
1.182,0.26069312669237646E0
1.183,0.26036690767140606E0
1.184,0.26004113500534725E0
1.185,0.25971580799157571E0
1.186,0.25939092592882378E0
1.187,0.25906648811717659E0
1.188,0.25874249385806919E0
1.189,0.25841894245428267E0
1.19,0.25809583320994135E0
1.191,0.25777316543050890E0
1.192,0.25745093842278555E0
1.193,0.25712915149490425E0
1.194,0.25680780395632789E0
1.195,0.25648689511784546E0
1.196,0.25616642429156934E0
1.197,0.25584639079093146E0
1.198,0.25552679393068056E0
1.199,0.25520763302687844E0
1.2,0.25488890739689725E0
1.201,0.25457061635941568E0
1.202,0.25425275923441634E0
1.203,0.25393533534318195E0
1.204,0.25361834400829273E0
1.205,0.25330178455362263E0
1.206,0.25298565630433672E0
1.207,0.25266995858688746E0
1.208,0.25235469072901210E0
1.209,0.25203985205972898E0
1.21,0.25172544190933493E0
1.211,0.25141145960940160E0
1.212,0.25109790449277288E0
1.213,0.25078477589356127E0
1.214,0.25047207314714528E0
1.215,0.25015979559016584E0
1.216,0.24984794256052375E0
1.217,0.24953651339737606E0
1.218,0.24922550744113355E0
1.219,0.24891492403345714E0
1.22,0.24860476251725541E0
1.221,0.24829502223668100E0
1.222,0.24798570253712814E0
1.223,0.24767680276522909E0
1.224,0.24736832226885172E0
1.225,0.24706026039709589E0
1.226,0.24675261650029109E0
1.227,0.24644538992999288E0
1.228,0.24613858003898049E0
1.229,0.24583218618125330E0
1.23,0.24552620771202845E0
1.231,0.24522064398773735E0
1.232,0.24491549436602330E0
1.233,0.24461075820573804E0
1.234,0.24430643486693935E0
1.235,0.24400252371088766E0
1.236,0.24369902410004362E0
1.237,0.24339593539806477E0
1.238,0.24309325696980313E0
1.239,0.24279098818130183E0
1.24,0.24248912839979281E0
1.241,0.24218767699369337E0
1.242,0.24188663333260395E0
1.243,0.24158599678730471E0
1.244,0.24128576672975325E0
1.245,0.24098594253308130E0
1.246,0.24068652357159238E0
1.247,0.24038750922075857E0
1.248,0.24008889885721816E0
1.249,0.23979069185877239E0
1.25,0.23949288760438322E0
1.2510000000000001,0.23919548547417001E0
1.252,0.23889848484940733E0
1.2530000000000001,0.23860188511252163E0
1.254,0.23830568564708911E0
1.2550000000000001,0.23800988583783242E0
1.256,0.23771448507061846E0
1.2570000000000001,0.23741948273245518E0
1.258,0.23712487821148937E0
1.2590000000000001,0.23683067089700347E0
1.26,0.23653686017941337E0
1.2610000000000001,0.23624344545026527E0
1.262,0.23595042610223347E0
1.2630000000000001,0.23565780152911722E0
1.264,0.23536557112583860E0
1.2650000000000001,0.23507373428843932E0
1.266,0.23478229041407864E0
1.2670000000000001,0.23449123890103019E0
1.268,0.23420057914867988E0
1.2690000000000001,0.23391031055752280E0
1.27,0.23362043252916108E0
1.2710000000000001,0.23333094446630080E0
1.272,0.23304184577274995E0
1.2730000000000001,0.23275313585341527E0
1.274,0.23246481411430024E0
1.2750000000000001,0.23217687996250198E0
1.276,0.23188933280620922E0
1.2770000000000001,0.23160217205469921E0
1.278,0.23131539711833573E0
1.2790000000000001,0.23102900740856601E0
1.28,0.23074300233791873E0
1.281,0.23045738132000104E0
1.282,0.23017214376949626E0
1.283,0.22988728910216156E0
1.284,0.22960281673482501E0
1.285,0.22931872608538359E0
1.286,0.22903501657280023E0
1.287,0.22875168761710182E0
1.288,0.22846873863937624E0
1.289,0.22818616906177043E0
1.29,0.22790397830748738E0
1.291,0.22762216580078424E0
1.292,0.22734073096696936E0
1.293,0.22705967323240036E0
1.294,0.22677899202448120E0
1.295,0.22649868677166029E0
1.296,0.22621875690342754E0
1.297,0.22593920185031249E0
1.298,0.22566002104388143E0
1.299,0.22538121391673546E0
1.3,0.22510277990250764E0
1.301,0.22482471843586115E0
1.302,0.22454702895248635E0
1.303,0.22426971088909897E0
1.304,0.22399276368343728E0
1.305,0.22371618677426016E0
1.306,0.22343997960134437E0
1.307,0.22316414160548261E0
1.308,0.22288867222848080E0
1.309,0.22261357091315616E0
1.31,0.22233883710333450E0
1.311,0.22206447024384831E0
1.312,0.22179046978053407E0
1.313,0.22151683516023038E0
1.314,0.22124356583077520E0
1.315,0.22097066124100408E0
1.316,0.22069812084074740E0
1.317,0.22042594408082858E0
1.318,0.22015413041306132E0
1.319,0.21988267929024787E0
1.32,0.21961159016617631E0
1.321,0.21934086249561872E0
1.322,0.21907049573432857E0
1.323,0.21880048933903890E0
1.324,0.21853084276745965E0
1.325,0.21826155547827591E0
1.326,0.21799262693114529E0
1.327,0.21772405658669611E0
1.328,0.21745584390652482E0
1.329,0.21718798835319422E0
1.33,0.21692048939023086E0
1.331,0.21665334648212330E0
1.332,0.21638655909431948E0
1.333,0.21612012669322505E0
1.334,0.21585404874620072E0
1.335,0.21558832472156060E0
1.336,0.21532295408856956E0
1.337,0.21505793631744161E0
1.338,0.21479327087933725E0
1.339,0.21452895724636185E0
1.34,0.21426499489156305E0
1.341,0.21400138328892912E0
1.342,0.21373812191338637E0
1.343,0.21347521024079756E0
1.344,0.21321264774795930E0
1.345,0.21295043391260041E0
1.346,0.21268856821337946E0
1.347,0.21242705012988305E0
1.348,0.21216587914262337E0
1.349,0.21190505473303653E0
1.35,0.21164457638348007E0
1.351,0.21138444357723138E0
1.352,0.21112465579848518E0
1.353,0.21086521253235192E0
1.354,0.21060611326485533E0
1.355,0.21034735748293080E0
1.356,0.21008894467442295E0
1.357,0.20983087432808403E0
1.358,0.20957314593357145E0
1.359,0.20931575898144629E0
1.36,0.20905871296317075E0
1.361,0.20880200737110670E0
1.362,0.20854564169851317E0
1.363,0.20828961543954486E0
1.364,0.20803392808924970E0
1.365,0.20777857914356732E0
1.366,0.20752356809932664E0
1.367,0.20726889445424435E0
1.368,0.20701455770692254E0
1.369,0.20676055735684713E0
1.37,0.20650689290438557E0
1.371,0.20625356385078525E0
1.372,0.20600056969817119E0
1.373,0.20574790994954454E0
1.374,0.20549558410878019E0
1.375,0.20524359168062533E0
1.3760000000000001,0.20499193217069706E0
1.377,0.20474060508548098E0
1.3780000000000001,0.20448960993232876E0
1.379,0.20423894621945677E0
1.3800000000000001,0.20398861345594371E0
1.381,0.20373861115172916E0
1.3820000000000001,0.20348893881761129E0
1.383,0.20323959596524537E0
1.3840000000000001,0.20299058210714153E0
1.385,0.20274189675666326E0
1.3860000000000001,0.20249353942802520E0
1.387,0.20224550963629163E0
1.3880000000000001,0.20199780689737425E0
1.389,0.20175043072803075E0
1.3900000000000001,0.20150338064586253E0
1.391,0.20125665616931331E0
1.3920000000000001,0.20101025681766687E0
1.393,0.20076418211104565E0
1.3940000000000001,0.20051843157040850E0
1.395,0.20027300471754930E0
1.3960000000000001,0.20002790107509473E0
1.397,0.19978312016650289E0
1.3980000000000001,0.19953866151606105E0
1.399,0.19929452464888433E0
1.4000000000000001,0.19905070909091344E0
1.401,0.19880721436891336E0
1.4020000000000001,0.19856404001047110E0
1.403,0.19832118554399437E0
1.4040000000000001,0.19807865049870940E0
1.405,0.19783643440465957E0
1.4060000000000001,0.19759453679270324E0
1.407,0.19735295719451243E0
1.408,0.19711169514257067E0
1.409,0.19687075017017146E0
1.41,0.19663012181141663E0
1.411,0.19638980960121430E0
1.412,0.19614981307527752E0
1.413,0.19591013177012213E0
1.414,0.19567076522306548E0
1.415,0.19543171297222429E0
1.416,0.19519297455651334E0
1.417,0.19495454951564334E0
1.418,0.19471643739011969E0
1.419,0.19447863772124031E0
1.42,0.19424115005109439E0
1.421,0.19400397392256029E0
1.422,0.19376710887930426E0
1.423,0.19353055446577834E0
1.424,0.19329431022721911E0
1.425,0.19305837570964561E0
1.426,0.19282275045985808E0
1.427,0.19258743402543587E0
1.428,0.19235242595473622E0
1.429,0.19211772579689220E0
1.43,0.19188333310181142E0
1.431,0.19164924742017407E0
1.432,0.19141546830343158E0
1.433,0.19118199530380466E0
1.434,0.19094882797428204E0
1.435,0.19071596586861845E0
1.436,0.19048340854133341E0
1.437,0.19025115554770916E0
1.438,0.19001920644378952E0
1.439,0.18978756078637784E0
1.44,0.18955621813303579E0
1.441,0.18932517804208138E0
1.442,0.18909444007258776E0
1.443,0.18886400378438121E0
1.444,0.18863386873803999E0
1.445,0.18840403449489231E0
1.446,0.18817450061701519E0
1.447,0.18794526666723245E0
1.448,0.18771633220911359E0
1.449,0.18748769680697176E0
1.45,0.18725936002586265E0
1.451,0.18703132143158250E0
1.452,0.18680358059066697E0
1.453,0.18657613707038917E0
1.454,0.18634899043875853E0
1.455,0.18612214026451883E0
1.456,0.18589558611714712E0
1.457,0.18566932756685171E0
1.458,0.18544336418457111E0
1.459,0.18521769554197205E0
1.46,0.18499232121144841E0
1.461,0.18476724076611924E0
1.462,0.18454245377982773E0
1.463,0.18431795982713920E0
1.464,0.18409375848334010E0
1.465,0.18386984932443601E0
1.466,0.18364623192715062E0
1.467,0.18342290586892379E0
1.468,0.18319987072791048E0
1.469,0.18297712608297887E0
1.47,0.18275467151370924E0
1.471,0.18253250660039215E0
1.472,0.18231063092402731E0
1.473,0.18208904406632176E0
1.474,0.18186774560968877E0
1.475,0.18164673513724598E0
1.476,0.18142601223281434E0
1.477,0.18120557648091629E0
1.478,0.18098542746677467E0
1.479,0.18076556477631087E0
1.48,0.18054598799614382E0
1.481,0.18032669671358812E0
1.482,0.18010769051665303E0
1.483,0.17988896899404059E0
1.484,0.17967053173514466E0
1.485,0.17945237833004905E0
1.486,0.17923450836952650E0
1.487,0.17901692144503686E0
1.488,0.17879961714872612E0
1.489,0.17858259507342454E0
1.49,0.17836585481264567E0
1.491,0.17814939596058456E0
1.492,0.17793321811211675E0
1.493,0.17771732086279646E0
1.494,0.17750170380885561E0
1.495,0.17728636654720204E0
1.496,0.17707130867541851E0
1.497,0.17685652979176094E0
1.498,0.17664202949515740E0
1.499,0.17642780738520637E0
1.5,0.17621386306217573E0
1.5010000000000001,0.17600019612700104E0
1.502,0.17578680618128454E0
1.5030000000000001,0.17557369282729341E0
1.504,0.17536085566795879E0
1.5050000000000001,0.17514829430687406E0
1.506,0.17493600834829387E0
1.5070000000000001,0.17472399739713238E0
1.508,0.17451226105896236E0
1.5090000000000001,0.17430079894001340E0
1.51,0.17408961064717101E0
1.5110000000000001,0.17387869578797489E0
1.512,0.17366805397061795E0
1.5130000000000001,0.17345768480394466E0
1.514,0.17324758789745007E0
1.5150000000000001,0.17303776286127810E0
1.516,0.17282820930622065E0
1.5170000000000001,0.17261892684371588E0
1.518,0.17240991508584727E0
1.5190000000000001,0.17220117364534195E0
1.52,0.17199270213556979E0
1.5210000000000001,0.17178450017054168E0
1.522,0.17157656736490866E0
1.5230000000000001,0.17136890333396023E0
1.524,0.17116150769362342E0
1.5250000000000001,0.17095438006046117E0
1.526,0.17074752005167138E0
1.5270000000000001,0.17054092728508527E0
1.528,0.17033460137916650E0
1.5290000000000001,0.17012854195300949E0
1.53,0.16992274862633854E0
1.5310000000000001,0.16971722101950621E0
1.532,0.16951195875349237E0
1.5330000000000001,0.16930696144990265E0
1.534,0.16910222873096747E0
1.5350000000000001,0.16889776021954050E0
1.536,0.16869355553909769E0
1.537,0.16848961431373577E0
1.538,0.16828593616817113E0
1.539,0.16808252072773868E0
1.54,0.16787936761839033E0
1.541,0.16767647646669411E0
1.542,0.16747384689983256E0
1.543,0.16727147854560189E0
1.544,0.16706937103241036E0
1.545,0.16686752398927745E0
1.546,0.16666593704583226E0
1.547,0.16646460983231265E0
1.548,0.16626354197956371E0
1.549,0.16606273311903682E0
1.55,0.16586218288278819E0
1.551,0.16566189090347793E0
1.552,0.16546185681436853E0
1.553,0.16526208024932403E0
1.554,0.16506256084280841E0
1.555,0.16486329822988483E0
1.556,0.16466429204621403E0
1.557,0.16446554192805353E0
1.558,0.16426704751225604E0
1.559,0.16406880843626872E0
1.56,0.16387082433813157E0
1.561,0.16367309485647664E0
1.562,0.16347561963052652E0
1.563,0.16327839830009348E0
1.564,0.16308143050557799E0
1.565,0.16288471588796790E0
1.566,0.16268825408883693E0
1.567,0.16249204475034383E0
1.568,0.16229608751523093E0
1.569,0.16210038202682330E0
1.57,0.16190492792902727E0
1.571,0.16170972486632960E0
1.572,0.16151477248379603E0
1.573,0.16132007042707048E0
1.574,0.16112561834237354E0
1.575,0.16093141587650169E0
1.576,0.16073746267682584E0
1.577,0.16054375839129052E0
1.578,0.16035030266841245E0
1.579,0.16015709515727971E0
1.58,0.15996413550755029E0
1.581,0.15977142336945133E0
1.582,0.15957895839377768E0
1.583,0.15938674023189106E0
1.584,0.15919476853571868E0
1.585,0.15900304295775243E0
1.586,0.15881156315104745E0
1.587,0.15862032876922138E0
1.588,0.15842933946645289E0
1.589,0.15823859489748096E0
1.59,0.15804809471760340E0
1.591,0.15785783858267614E0
1.592,0.15766782614911179E0
1.593,0.15747805707387889E0
1.594,0.15728853101450048E0
1.595,0.15709924762905335E0
1.596,0.15691020657616667E0
1.597,0.15672140751502120E0
1.598,0.15653285010534790E0
1.599,0.15634453400742719E0
1.6,0.15615645888208757E0
1.601,0.15596862439070486E0
1.602,0.15578103019520081E0
1.603,0.15559367595804239E0
1.604,0.15540656134224037E0
1.605,0.15521968601134864E0
1.606,0.15503304962946277E0
1.607,0.15484665186121934E0
1.608,0.15466049237179454E0
1.609,0.15447457082690345E0
1.61,0.15428888689279870E0
1.611,0.15410344023626970E0
1.612,0.15391823052464134E0
1.613,0.15373325742577323E0
1.614,0.15354852060805838E0
1.615,0.15336401974042246E0
1.616,0.15317975449232249E0
1.617,0.15299572453374609E0
1.618,0.15281192953521017E0
1.619,0.15262836916776024E0
1.62,0.15244504310296901E0
1.621,0.15226195101293578E0
1.622,0.15207909257028503E0
1.623,0.15189646744816579E0
1.624,0.15171407532025027E0
1.625,0.15153191586073320E0
1.6260000000000001,0.15134998874433048E0
1.627,0.15116829364627855E0
1.6280000000000001,0.15098683024233299E0
1.629,0.15080559820876793E0
1.6300000000000001,0.15062459722237469E0
1.631,0.15044382696046110E0
1.6320000000000001,0.15026328710085021E0
1.633,0.15008297732187965E0
1.6340000000000001,0.14990289730240025E0
1.635,0.14972304672177546E0
1.6360000000000001,0.14954342525987999E0
1.637,0.14936403259709921E0
1.6380000000000001,0.14918486841432777E0
1.639,0.14900593239296906E0
1.6400000000000001,0.14882722421493380E0
1.641,0.14864874356263949E0
1.6420000000000001,0.14847049011900907E0
1.643,0.14829246356747029E0
1.6440000000000001,0.14811466359195444E0
1.645,0.14793708987689568E0
1.6460000000000001,0.14775974210722980E0
1.647,0.14758261996839356E0
1.6480000000000001,0.14740572314632344E0
1.649,0.14722905132745499E0
1.6500000000000001,0.14705260419872155E0
1.651,0.14687638144755366E0
1.6520000000000001,0.14670038276187779E0
1.653,0.14652460783011570E0
1.6540000000000001,0.14634905634118316E0
1.655,0.14617372798448941E0
1.6560000000000001,0.14599862244993584E0
1.657,0.14582373942791537E0
1.6580000000000001,0.14564907860931126E0
1.659,0.14547463968549645E0
1.6600000000000001,0.14530042234833234E0
1.661,0.14512642629016817E0
1.6620000000000001,0.14495265120383979E0
1.663,0.14477909678266905E0
1.6640000000000001,0.14460576272046257E0
1.665,0.14443264871151116E0
1.666,0.14425975445058860E0
1.667,0.14408707963295085E0
1.668,0.14391462395433529E0
1.669,0.14374238711095950E0
1.67,0.14357036879952069E0
1.671,0.14339856871719450E0
1.672,0.14322698656163436E0
1.673,0.14305562203097035E0
1.674,0.14288447482380855E0
1.675,0.14271354463922988E0
1.676,0.14254283117678949E0
1.677,0.14237233413651558E0
1.678,0.14220205321890881E0
1.679,0.14203198812494111E0
1.68,0.14186213855605510E0
1.681,0.14169250421416292E0
1.682,0.14152308480164561E0
1.683,0.14135388002135199E0
1.684,0.14118488957659802E0
1.685,0.14101611317116570E0
1.686,0.14084755050930243E0
1.687,0.14067920129571988E0
1.688,0.14051106523559341E0
1.689,0.14034314203456090E0
1.69,0.14017543139872221E0
1.691,0.14000793303463797E0
1.692,0.13984064664932909E0
1.693,0.13967357195027552E0
1.694,0.13950670864541578E0
1.695,0.13934005644314572E0
1.696,0.13917361505231806E0
1.697,0.13900738418224114E0
1.698,0.13884136354267847E0
1.699,0.13867555284384750E0
1.7,0.13850995179641914E0
1.701,0.13834456011151659E0
1.702,0.13817937750071477E0
1.703,0.13801440367603926E0
1.704,0.13784963834996567E0
1.705,0.13768508123541859E0
1.706,0.13752073204577100E0
1.707,0.13735659049484315E0
1.708,0.13719265629690207E0
1.709,0.13702892916666038E0
1.71,0.13686540881927582E0
1.711,0.13670209497035009E0
1.712,0.13653898733592835E0
1.713,0.13637608563249810E0
1.714,0.13621338957698864E0
1.715,0.13605089888677000E0
1.716,0.13588861327965235E0
1.717,0.13572653247388498E0
1.718,0.13556465618815571E0
1.719,0.13540298414158985E0
1.72,0.13524151605374962E0
1.721,0.13508025164463313E0
1.722,0.13491919063467378E0
1.723,0.13475833274473926E0
1.724,0.13459767769613096E0
1.725,0.13443722521058295E0
1.726,0.13427697501026142E0
1.727,0.13411692681776363E0
1.728,0.13395708035611739E0
1.729,0.13379743534878000E0
1.73,0.13363799151963772E0
1.731,0.13347874859300473E0
1.732,0.13331970629362260E0
1.733,0.13316086434665925E0
1.734,0.13300222247770842E0
1.735,0.13284378041278865E0
1.736,0.13268553787834274E0
1.737,0.13252749460123672E0
1.738,0.13236965030875934E0
1.739,0.13221200472862104E0
1.74,0.13205455758895343E0
1.741,0.13189730861830827E0
1.742,0.13174025754565696E0
1.743,0.13158340410038949E0
1.744,0.13142674801231399E0
1.745,0.13127028901165565E0
1.746,0.13111402682905625E0
1.747,0.13095796119557314E0
1.748,0.13080209184267874E0
1.749,0.13064641850225951E0
1.75,0.13049094090661548E0
1.7510000000000001,0.13033565878845922E0
1.752,0.13018057188091535E0
1.7530000000000001,0.13002567991751955E0
1.754,0.12987098263221805E0
1.7550000000000001,0.12971647975936662E0
1.756,0.12956217103373013E0
1.7570000000000001,0.12940805619048149E0
1.758,0.12925413496520120E0
1.7590000000000001,0.12910040709387635E0
1.76,0.12894687231290016E0
1.7610000000000001,0.12879353035907092E0
1.762,0.12864038096959159E0
1.7630000000000001,0.12848742388206877E0
1.764,0.12833465883451224E0
1.7650000000000001,0.12818208556533396E0
1.766,0.12802970381334761E0
1.7670000000000001,0.12787751331776760E0
1.768,0.12772551381820861E0
1.7690000000000001,0.12757370505468461E0
1.77,0.12742208676760839E0
1.7710000000000001,0.12727065869779058E0
1.772,0.12711942058643919E0
1.7730000000000001,0.12696837217515867E0
1.774,0.12681751320594939E0
1.7750000000000001,0.12666684342120671E0
1.776,0.12651636256372053E0
1.7770000000000001,0.12636607037667430E0
1.778,0.12621596660364458E0
1.7790000000000001,0.12606605098860008E0
1.78,0.12591632327590119E0
1.7810000000000001,0.12576678321029904E0
1.782,0.12561743053693507E0
1.7830000000000001,0.12546826500134003E0
1.784,0.12531928634943355E0
1.7850000000000001,0.12517049432752322E0
1.786,0.12502188868230410E0
1.7870000000000001,0.12487346916085781E0
1.788,0.12472523551065206E0
1.7890000000000001,0.12457718747953974E0
1.79,0.12442932481575843E0
1.7910000000000001,0.12428164726792951E0
1.792,0.12413415458505770E0
1.793,0.12398684651653017E0
1.794,0.12383972281211592E0
1.795,0.12369278322196523E0
1.796,0.12354602749660870E0
1.797,0.12339945538695691E0
1.798,0.12325306664429941E0
1.799,0.12310686102030433E0
1.8,0.12296083826701745E0
1.801,0.12281499813686177E0
1.802,0.12266934038263660E0
1.803,0.12252386475751712E0
1.804,0.12237857101505348E0
1.805,0.12223345890917036E0
1.806,0.12208852819416609E0
1.807,0.12194377862471218E0
1.808,0.12179920995585246E0
1.809,0.12165482194300263E0
1.81,0.12151061434194938E0
1.811,0.12136658690884994E0
1.812,0.12122273940023121E0
1.813,0.12107907157298935E0
1.814,0.12093558318438883E0
1.815,0.12079227399206210E0
1.816,0.12064914375400860E0
1.817,0.12050619222859446E0
1.818,0.12036341917455149E0
1.819,0.12022082435097689E0
1.82,0.12007840751733226E0
1.821,0.11993616843344326E0
1.822,0.11979410685949871E0
1.823,0.11965222255605017E0
1.824,0.11951051528401109E0
1.825,0.11936898480465637E0
1.826,0.11922763087962152E0
1.827,0.11908645327090224E0
1.828,0.11894545174085354E0
1.829,0.11880462605218937E0
1.83,0.11866397596798174E0
1.831,0.11852350125166029E0
1.832,0.11838320166701147E0
1.833,0.11824307697817813E0
1.834,0.11810312694965865E0
1.835,0.11796335134630656E0
1.836,0.11782374993332966E0
1.837,0.11768432247628966E0
1.838,0.11754506874110129E0
1.839,0.11740598849403196E0
1.84,0.11726708150170085E0
1.841,0.11712834753107857E0
1.842,0.11698978634948626E0
1.843,0.11685139772459528E0
1.844,0.11671318142442629E0
1.845,0.11657513721734893E0
1.846,0.11643726487208092E0
1.847,0.11629956415768771E0
1.848,0.11616203484358165E0
1.849,0.11602467669952160E0
1.85,0.11588748949561208E0
1.851,0.11575047300230291E0
1.852,0.11561362699038838E0
1.853,0.11547695123100686E0
1.854,0.11534044549563999E0
1.855,0.11520410955611229E0
1.856,0.11506794318459033E0
1.857,0.11493194615358239E0
1.858,0.11479611823593760E0
1.859,0.11466045920484559E0
1.86,0.11452496883383567E0
1.861,0.11438964689677646E0
1.862,0.11425449316787507E0
1.863,0.11411950742167673E0
1.864,0.11398468943306400E0
1.865,0.11385003897725637E0
1.866,0.11371555582980948E0
1.867,0.11358123976661476E0
1.868,0.11344709056389858E0
1.869,0.11331310799822194E0
1.87,0.11317929184647964E0
1.871,0.11304564188589994E0
1.872,0.11291215789404373E0
1.873,0.11277883964880418E0
1.874,0.11264568692840599E0
1.875,0.11251269951140495E0
1.8760000000000001,0.11237987717668722E0
1.877,0.11224721970346895E0
1.8780000000000001,0.11211472687129547E0
1.879,0.11198239846004098E0
1.8800000000000001,0.11185023424990769E0
1.881,0.11171823402142558E0
1.8820000000000001,0.11158639755545149E0
1.883,0.11145472463316888E0
1.8840000000000001,0.11132321503608698E0
1.885,0.11119186854604046E0
1.8860000000000001,0.11106068494518865E0
1.887,0.11092966401601523E0
1.8880000000000001,0.11079880554132738E0
1.889,0.11066810930425552E0
1.8900000000000001,0.11053757508825246E0
1.891,0.11040720267709313E0
1.8920000000000001,0.11027699185487374E0
1.893,0.11014694240601151E0
1.8940000000000001,0.11001705411524383E0
1.895,0.10988732676762798E0
1.8960000000000001,0.10975776014854034E0
1.897,0.10962835404367607E0
1.8980000000000001,0.10949910823904831E0
1.899,0.10937002252098788E0
1.9000000000000001,0.10924109667614253E0
1.901,0.10911233049147657E0
1.9020000000000001,0.10898372375427012E0
1.903,0.10885527625211883E0
1.9040000000000001,0.10872698777293306E0
1.905,0.10859885810493757E0
1.9060000000000001,0.10847088703667081E0
1.907,0.10834307435698452E0
1.9080000000000001,0.10821541985504306E0
1.909,0.10808792332032301E0
1.9100000000000001,0.10796058454261250E0
1.911,0.10783340331201080E0
1.9120000000000001,0.10770637941892765E0
1.913,0.10757951265408292E0
1.9140000000000001,0.10745280280850582E0
1.915,0.10732624967353467E0
1.9160000000000001,0.10719985304081608E0
1.917,0.10707361270230467E0
1.9180000000000001,0.10694752845026232E0
1.919,0.10682160007725788E0
1.92,0.10669582737616642E0
1.921,0.10657021014016883E0
1.922,0.10644474816275135E0
1.923,0.10631944123770485E0
1.924,0.10619428915912458E0
1.925,0.10606929172140936E0
1.926,0.10594444871926134E0
1.927,0.10581975994768523E0
1.928,0.10569522520198803E0
1.929,0.10557084427777827E0
1.93,0.10544661697096572E0
1.931,0.10532254307776067E0
1.932,0.10519862239467365E0
1.933,0.10507485471851465E0
1.934,0.10495123984639289E0
1.935,0.10482777757571605E0
1.936,0.10470446770418999E0
1.937,0.10458131002981804E0
1.938,0.10445830435090071E0
1.939,0.10433545046603495E0
1.94,0.10421274817411387E0
1.941,0.10409019727432604E0
1.942,0.10396779756615518E0
1.943,0.10384554884937945E0
1.944,0.10372345092407119E0
1.945,0.10360150359059617E0
1.946,0.10347970664961333E0
1.947,0.10335805990207406E0
1.948,0.10323656314922193E0
1.949,0.10311521619259198E0
1.95,0.10299401883401040E0
1.951,0.10287297087559391E0
1.952,0.10275207211974939E0
1.953,0.10263132236917324E0
1.954,0.10251072142685107E0
1.955,0.10239026909605702E0
1.956,0.10226996518035346E0
1.957,0.10214980948359033E0
1.958,0.10202980180990482E0
1.959,0.10190994196372070E0
1.96,0.10179022974974807E0
1.961,0.10167066497298261E0
1.962,0.10155124743870536E0
1.963,0.10143197695248200E0
1.964,0.10131285332016261E0
1.965,0.10119387634788092E0
1.966,0.10107504584205414E0
1.967,0.10095636160938217E0
1.968,0.10083782345684740E0
1.969,0.10071943119171402E0
1.97,0.10060118462152772E0
1.971,0.10048308355411506E0
1.972,0.10036512779758314E0
1.973,0.10024731716031898E0
1.974,0.10012965145098925E0
1.975,0.10001213047853956E0
1.976,0.99894754052194214E-1
1.977,0.99777521981455561E-1
1.978,0.99660434076103702E-1
1.979,0.99543490146195835E-1
1.98,0.99426690002065992E-1
1.981,0.99310033454324373E-1
1.982,0.99193520313857086E-1
1.983,0.99077150391825480E-1
1.984,0.98960923499665890E-1
1.985,0.98844839449088975E-1
1.986,0.98728898052079460E-1
1.987,0.98613099120895475E-1
1.988,0.98497442468068303E-1
1.989,0.98381927906401717E-1
1.99,0.98266555248971732E-1
1.991,0.98151324309125948E-1
1.992,0.98036234900483293E-1
1.993,0.97921286836933376E-1
1.994,0.97806479932636231E-1
1.995,0.97691814002021671E-1
1.996,0.97577288859789031E-1
1.997,0.97462904320906528E-1
1.998,0.97348660200611004E-1
1.999,0.97234556314407286E-1
2.,0.97120592478067937E-1
